Your file has 108 of positions and velocities
Kinetic Energy = 297.45998463925156 and Potential Energy = 855.0.
The total energy is 1152.4599846392516-3.0,-3.0,-3.0,0.320306,1.337469,0.090432
-2.0,-2.0,-3.0,-0.76448,0.185977,-1.081845
-3.0,-2.0,-2.0,1.043766,1.042474,0.831124
-2.0,-3.0,-2.0,0.079508,-1.791062,0.156338
-1.0,-3.0,-3.0,0.584133,0.933381,0.145519
0.0,-2.0,-3.0,-0.132144,-0.461245,0.087449
-1.0,-2.0,-2.0,0.184954,-1.730787,-0.730135
0.0,-3.0,-2.0,-2.187223,0.413732,1.953738
1.0,-3.0,-3.0,-1.917898,0.270442,-0.55669
2.0,-2.0,-3.0,1.229008,0.11094,0.989995
1.0,-2.0,-2.0,-1.441211,0.213039,-0.078536
2.0,-3.0,-2.0,0.320879,-0.133497,-0.513701
-3.0,-1.0,-3.0,-1.165864,-1.653419,-1.031219
-2.0,0.0,-3.0,-0.648454,-0.073166,-1.350776
-3.0,0.0,-2.0,0.156263,-0.09845,1.809646
-2.0,-1.0,-2.0,-0.446314,-0.448871,0.735285
-1.0,-1.0,-3.0,0.788876,-0.847888,-1.27422
0.0,0.0,-3.0,-2.893419,0.966784,0.025126
-1.0,0.0,-2.0,-0.004662,0.315674,-0.060929
0.0,-1.0,-2.0,-0.487817,0.455711,-0.256126
1.0,-1.0,-3.0,0.001667,1.682198,0.706135
2.0,0.0,-3.0,0.752899,-1.740047,0.138076
1.0,0.0,-2.0,0.065857,0.467662,0.295071
2.0,-1.0,-2.0,-0.7935,-1.380835,-0.52206
-3.0,1.0,-3.0,0.434938,-0.04945,-1.051448
-2.0,2.0,-3.0,1.061295,0.766002,0.978801
-3.0,2.0,-2.0,0.367898,1.356602,0.884279
-2.0,1.0,-2.0,0.618931,-0.996077,-1.055035
-1.0,1.0,-3.0,1.103611,-0.044507,-1.597146
0.0,2.0,-3.0,1.105351,-1.467888,-0.423574
-1.0,2.0,-2.0,-1.080338,0.975743,2.768144
0.0,1.0,-2.0,0.778902,0.606303,0.136931
1.0,1.0,-3.0,1.011043,-1.296272,2.107005
2.0,2.0,-3.0,-1.099627,1.508162,-0.109442
1.0,2.0,-2.0,-1.30767,-0.652997,0.777777
2.0,1.0,-2.0,0.675319,0.460068,0.072441
-3.0,-3.0,-1.0,1.152728,0.166038,2.035163
-2.0,-2.0,-1.0,-1.593632,1.733812,-2.077864
-3.0,-2.0,0.0,0.688243,0.425555,-0.908563
-2.0,-3.0,0.0,0.30918,-0.442353,-0.254556
-1.0,-3.0,-1.0,-0.456445,0.371926,0.193857
0.0,-2.0,-1.0,1.648504,-0.80758,1.722865
-1.0,-2.0,0.0,-0.05988,0.252633,0.609537
0.0,-3.0,0.0,-0.318793,-1.116518,-1.863627
1.0,-3.0,-1.0,1.139282,1.314084,-0.399654
2.0,-2.0,-1.0,-0.360775,-0.126204,1.238118
1.0,-2.0,0.0,-0.576869,1.822732,0.378775
2.0,-3.0,0.0,-1.217705,0.424617,-0.709676
-3.0,-1.0,-1.0,-0.998946,-2.00807,1.219848
-2.0,0.0,-1.0,-1.65034,-0.202268,0.496902
-3.0,0.0,0.0,0.127453,0.108076,-1.617002
-2.0,-1.0,0.0,0.60224,-0.771875,-0.837143
-1.0,-1.0,-1.0,2.080135,-0.586182,-1.913418
0.0,0.0,-1.0,-1.192404,-0.046888,-0.502254
-1.0,0.0,0.0,1.065839,-0.853046,1.613637
0.0,-1.0,0.0,-0.815901,1.238591,-2.267158
1.0,-1.0,-1.0,0.381834,0.546683,1.190732
2.0,0.0,-1.0,-0.013855,-0.648188,-1.790728
1.0,0.0,0.0,-0.736724,-0.098088,-0.903067
2.0,-1.0,0.0,-0.515661,1.501494,0.102095
-3.0,1.0,-1.0,-1.058332,-0.560801,-1.460333
-2.0,2.0,-1.0,1.906257,-0.029288,-1.32155
-3.0,2.0,0.0,-0.324742,0.393385,-0.203401
-2.0,1.0,0.0,1.507824,-0.003671,-1.829516
-1.0,1.0,-1.0,-1.277598,2.064386,-1.90184
0.0,2.0,-1.0,0.551888,0.823721,0.857543
-1.0,2.0,0.0,-0.672336,0.623137,0.724477
0.0,1.0,0.0,0.282044,-1.266499,1.990922
1.0,1.0,-1.0,-0.263215,0.391149,0.90547
2.0,2.0,-1.0,1.94883,1.937468,0.784897
1.0,2.0,0.0,0.202314,-1.39588,-1.08783
2.0,1.0,0.0,0.782055,-0.310122,-1.465716
-3.0,-3.0,1.0,-0.01509,0.473533,0.94545
-2.0,-2.0,1.0,0.067635,2.284676,0.449336
-3.0,-2.0,2.0,0.319161,-0.696322,-0.680415
-2.0,-3.0,2.0,2.035462,-2.125609,0.80205
-1.0,-3.0,1.0,0.464518,-0.695777,0.226768
0.0,-2.0,1.0,-2.092744,-0.179243,-1.143403
-1.0,-2.0,2.0,-0.320393,-0.266258,-0.044651
0.0,-3.0,2.0,0.003686,-0.678983,-0.174166
1.0,-3.0,1.0,0.187666,-2.16135,-1.256434
2.0,-2.0,1.0,0.509839,0.610246,-1.012686
1.0,-2.0,2.0,-1.741009,0.892288,-0.167077
2.0,-3.0,2.0,0.703894,-0.021392,-0.42436
-3.0,-1.0,1.0,-0.848397,0.132742,0.475984
-2.0,0.0,1.0,0.832461,1.65084,-0.153231
-3.0,0.0,2.0,0.083214,-0.194643,-1.052
-2.0,-1.0,2.0,1.144751,-1.112246,1.042532
-1.0,-1.0,1.0,0.32875,-0.835996,-1.540248
0.0,0.0,1.0,1.902105,1.9269,-0.550599
-1.0,0.0,2.0,-0.852602,-0.552644,2.301382
0.0,-1.0,2.0,-0.662108,1.004777,0.265077
1.0,-1.0,1.0,1.753037,-1.080123,-0.324704
2.0,0.0,1.0,0.687244,0.411978,0.768174
1.0,0.0,2.0,0.424979,-1.177274,1.864242
2.0,-1.0,2.0,-1.762014,0.375764,1.208804
-3.0,1.0,1.0,-1.586539,1.395963,0.116469
-2.0,2.0,1.0,-0.769346,-0.838877,-0.153835
-3.0,2.0,2.0,1.957564,-1.070671,-0.317273
-2.0,1.0,2.0,-1.104965,-0.017052,-0.09539
-1.0,1.0,1.0,-0.688304,-1.367889,-0.198875
0.0,2.0,1.0,-1.511768,1.115447,1.640161
-1.0,2.0,2.0,0.70568,-0.236597,0.718786
0.0,1.0,2.0,0.2648,0.812694,2.339601
1.0,1.0,1.0,-0.562993,-0.413598,-1.281386
2.0,2.0,1.0,0.47771,-0.666094,0.180145
1.0,2.0,2.0,0.699019,0.331863,0.009243
2.0,1.0,2.0,0.377822,-1.098942,0.470159
